10243
15465
13024
5447
3148
10652
1445
1549
12026
1638
15378
2626
11937
3130
1867
21
16200
11619
780
12993
10659
8267
19273
2956
8908
713
5652
9141
12568
1291
21178
892
3369
6494
5038
39
18
8934
150
4715
32336

872 5 48 227 5 6 0 0 0 0 0 12 2 0 0 0 1 2 0 0 0 0 0 0 27 1 0 0 0 0 0 0 1 1 0 0 0 0 0 0 0 
0 1641 36 0 6 5 0 0 0 0 43 1 25 0 0 0 27 2 0 0 0 0 0 0 1 0 0 0 0 0 0 0 1 0 0 0 0 0 0 0 0 
0 0 1217 18 8 29 0 0 0 0 95 24 24 0 0 0 131 6 0 0 0 0 0 0 36 4 0 0 0 0 0 0 14 15 0 0 0 0 0 0 0 
0 0 0 543 5 1 0 0 0 0 0 4 1 0 0 0 1 0 0 0 0 0 0 0 30 2 0 0 0 0 0 0 44 1 0 0 0 0 0 0 0 
0 0 0 0 361 20 0 0 0 0 0 0 0 0 0 0 0 0 0 0 0 0 0 0 3 0 0 0 0 0 0 0 0 4 0 0 0 0 0 0 0 
0 0 0 0 0 1164 0 0 0 0 2 8 0 0 0 0 24 4 0 0 0 0 0 0 1 2 0 0 0 0 0 0 0 0 0 0 0 0 0 0 0 
0 0 0 0 0 0 83 0 27 2 0 0 0 0 10 0 0 0 4 0 6 4 3 0 0 0 5 3 2 0 6 0 0 0 40 0 0 9 0 2 6 
0 0 0 0 0 0 0 90 2 0 0 0 0 2 2 0 0 0 1 50 0 0 1 0 0 0 14 0 14 2 45 3 0 0 0 0 0 1 0 0 2 
0 0 0 0 0 0 0 0 788 0 0 0 0 0 13 0 0 0 6 4 13 6 14 1 0 0 6 25 0 1 168 6 0 0 27 0 0 58 0 26 716 
0 0 0 0 0 0 0 0 0 46 0 0 0 0 0 0 0 0 0 8 8 1 0 0 0 0 0 2 0 0 14 3 0 0 75 0 0 25 0 0 1 
0 0 0 0 0 0 0 0 0 0 1285 10 35 0 0 0 252 19 0 0 0 0 0 0 0 0 0 0 0 0 0 0 0 1 0 0 0 0 0 0 0 
0 0 0 0 0 0 0 0 0 0 0 275 0 0 0 0 8 0 0 0 0 0 0 0 4 0 0 0 0 0 0 0 2 1 0 0 0 0 0 0 0 
0 0 0 0 0 0 0 0 0 0 0 0 1462 0 0 0 5 8 0 0 0 0 0 0 1 0 0 0 0 0 0 0 0 0 0 0 0 0 0 0 0 
0 0 0 0 0 0 0 0 0 0 0 0 0 156 1 0 0 0 0 16 4 4 1 1 0 0 28 1 61 7 15 79 0 0 15 0 0 0 0 2 3 
0 0 0 0 0 0 0 0 0 0 0 0 0 0 119 0 0 0 5 13 9 3 3 0 0 0 3 4 1 0 7 0 0 0 7 0 0 7 0 2 2 
0 0 0 0 0 0 0 0 0 0 0 0 0 0 0 0 0 0 0 0 0 1 0 0 0 0 0 0 0 0 0 0 0 0 0 0 0 0 0 0 0 
0 0 0 0 0 0 0 0 0 0 0 0 0 0 0 0 1536 66 0 0 0 0 0 0 0 11 0 0 0 0 0 0 5 2 0 0 0 0 0 0 0 
0 0 0 0 0 0 0 0 0 0 0 0 0 0 0 0 0 1246 0 0 0 0 0 0 1 0 0 0 0 0 0 0 0 0 0 0 0 0 0 0 0 
0 0 0 0 0 0 0 0 0 0 0 0 0 0 0 0 0 0 60 0 1 4 5 0 0 0 2 3 3 1 3 0 0 0 9 0 0 10 4 0 22 
0 0 0 0 0 0 0 0 0 0 0 0 0 0 0 0 0 0 0 1199 4 7 10 6 0 0 221 8 45 5 359 10 0 0 6 0 0 3 0 13 38 
0 0 0 0 0 0 0 0 0 0 0 0 0 0 0 0 0 0 0 0 974 8 19 1 0 0 0 34 4 0 7 0 0 0 8 0 0 11 0 39 71 
0 0 0 0 0 0 0 0 0 0 0 0 0 0 0 0 0 0 0 0 0 577 518 27 0 0 1 12 3 2 8 6 0 0 13 0 0 1 0 9 28 
0 0 0 0 0 0 0 0 0 0 0 0 0 0 0 0 0 0 0 0 0 0 1804 105 0 0 5 37 13 7 50 5 0 0 12 1 0 11 0 32 36 
0 0 0 0 0 0 0 0 0 0 0 0 0 0 0 0 0 0 0 0 0 0 0 273 0 0 0 1 2 0 1 0 0 0 1 0 0 2 0 9 1 
0 0 0 0 0 0 0 0 0 0 0 0 0 0 0 0 0 0 0 0 0 0 0 0 1046 0 0 0 0 0 0 0 2 11 0 0 0 0 0 0 0 
0 0 0 0 0 0 0 0 0 0 0 0 0 0 0 0 0 0 0 0 0 0 0 0 0 56 0 0 0 0 0 0 2 0 0 0 0 0 0 0 0 
0 0 0 0 0 0 0 0 0 0 0 0 0 0 0 0 0 0 0 0 0 0 0 0 0 0 478 4 13 2 195 7 0 0 9 0 0 0 0 7 45 
0 0 0 0 0 0 0 0 0 0 0 0 0 0 0 0 0 0 0 0 0 0 0 0 0 0 0 754 6 3 31 0 0 0 3 0 0 5 0 131 83 
0 0 0 0 0 0 0 0 0 0 0 0 0 0 0 0 0 0 0 0 0 0 0 0 0 0 0 0 1106 94 53 16 0 0 3 1 0 98 1 55 409 
0 0 0 0 0 0 0 0 0 0 0 0 0 0 0 0 0 0 0 0 0 0 0 0 0 0 0 0 0 165 8 0 0 0 1 0 0 5 4 0 0 
0 0 0 0 0 0 0 0 0 0 0 0 0 0 0 0 0 0 0 0 0 0 0 0 0 0 0 0 0 0 1326 49 0 0 25 0 0 0 0 54 764 
0 0 0 0 0 0 0 0 0 0 0 0 0 0 0 0 0 0 0 0 0 0 0 0 0 0 0 0 0 0 0 37 0 0 4 0 0 0 0 0 9 
0 0 0 0 0 0 0 0 0 0 0 0 0 0 0 0 0 0 0 0 0 0 0 0 0 0 0 0 0 0 0 0 125 11 0 0 0 0 0 0 0 
0 0 0 0 0 0 0 0 0 0 0 0 0 0 0 0 0 0 0 0 0 0 0 0 0 0 0 0 0 0 0 0 0 774 0 0 0 0 0 0 0 
0 0 0 0 0 0 0 0 0 0 0 0 0 0 0 0 0 0 0 0 0 0 0 0 0 0 0 0 0 0 0 0 0 0 255 0 0 16 2 4 17 
0 0 0 0 0 0 0 0 0 0 0 0 0 0 0 0 0 0 0 0 0 0 0 0 0 0 0 0 0 0 0 0 0 0 0 0 0 0 0 0 2 
0 0 0 0 0 0 0 0 0 0 0 0 0 0 0 0 0 0 0 0 0 0 0 0 0 0 0 0 0 0 0 0 0 0 0 0 0 0 0 0 0 
0 0 0 0 0 0 0 0 0 0 0 0 0 0 0 0 0 0 0 0 0 0 0 0 0 0 0 0 0 0 0 0 0 0 0 0 0 597 14 6 478 
0 0 0 0 0 0 0 0 0 0 0 0 0 0 0 0 0 0 0 0 0 0 0 0 0 0 0 0 0 0 0 0 0 0 0 0 0 0 11 0 0 
0 0 0 0 0 0 0 0 0 0 0 0 0 0 0 0 0 0 0 0 0 0 0 0 0 0 0 0 0 0 0 0 0 0 0 0 0 0 0 0 0 
0 0 0 0 0 0 0 0 0 0 0 0 0 0 0 0 0 0 0 0 0 0 0 0 0 0 0 0 0 0 0 0 0 0 0 0 0 0 0 0 0 

1682 460 84 2 0 
0 9310 2108 85 0 
0 0 1173 152 0 
0 0 0 50 0 
0 0 0 0 0 

16519
97221
20168
1312
3

3886
8848
46724
5359
1862
14275
821
80
8240
31
3120
9465
1264
1116
728
190
20393
10938
358
4164
5288
5244
22893
2611
4389
22
1932
4439
4745
116
13132
1825
71
10588
2783
319
4
7938
2
1297
50521

39 0 5 0 0 0 0 0 0 0 0 6 0 0 0 0 4 0 0 0 0 0 0 0 1 0 0 0 0 0 0 0 0 0 0 0 0 0 0 0 0 
0 28 20 0 0 0 0 0 0 0 1 1 0 0 0 0 38 0 0 0 0 0 0 0 0 0 0 0 0 0 0 0 0 0 0 0 0 0 0 0 0 
0 0 1350 8 1 3 0 0 0 0 17 331 0 0 0 0 675 7 0 0 0 0 0 0 20 0 0 0 0 0 0 0 2 47 0 0 0 0 0 0 0 
0 0 0 42 1 0 0 0 0 0 0 7 0 0 0 0 0 0 0 0 0 0 0 0 0 0 0 0 0 0 0 0 0 1 0 0 0 0 0 0 0 
0 0 0 0 36 0 0 0 0 0 0 0 0 0 0 0 0 0 0 0 0 0 0 0 0 0 0 0 0 0 0 0 0 0 0 0 0 0 0 0 0 
0 0 0 0 0 15 0 0 0 0 0 0 0 0 0 0 0 1 0 0 0 0 0 0 0 0 0 0 0 0 0 0 0 1 0 0 0 0 0 0 0 
0 0 0 0 0 0 10 0 0 0 0 0 0 3 0 0 0 0 0 1 0 1 0 0 0 0 4 0 0 0 0 0 0 0 0 0 0 0 0 1 1 
0 0 0 0 0 0 0 0 0 0 0 0 0 0 0 0 0 0 4 0 0 0 0 0 0 0 0 0 0 1 0 1 0 0 0 0 0 0 0 0 0 
0 0 0 0 0 0 0 0 111 0 0 0 0 0 0 0 0 0 0 4 3 0 9 0 0 0 0 0 5 0 79 3 0 0 4 0 0 8 0 1 100 
0 0 0 0 0 0 0 0 0 0 0 0 0 0 0 0 0 0 0 0 0 0 0 0 0 0 0 0 0 0 0 0 0 0 0 0 0 0 0 0 0 
0 0 0 0 0 0 0 0 0 0 8 0 0 0 0 0 13 0 0 0 0 0 0 0 0 0 0 0 0 0 0 0 0 0 0 0 0 0 0 0 0 
0 0 0 0 0 0 0 0 0 0 0 709 0 0 0 0 16 1 0 0 0 0 0 0 5 0 0 0 0 0 0 0 0 32 0 0 0 0 0 0 0 
0 0 0 0 0 0 0 0 0 0 0 0 3 0 0 0 0 0 0 0 0 0 0 0 0 0 0 0 0 0 0 0 0 0 0 0 0 0 0 0 0 
0 0 0 0 0 0 0 0 0 0 0 0 0 4 0 0 0 0 0 1 3 0 0 0 0 0 0 0 2 0 1 0 0 0 0 0 0 0 0 0 2 
0 0 0 0 0 0 0 0 0 0 0 0 0 0 4 0 0 0 0 0 0 0 0 0 0 0 0 0 0 0 0 0 0 0 0 0 0 0 0 0 0 
0 0 0 0 0 0 0 0 0 0 0 0 0 0 0 0 0 0 0 0 0 0 0 0 0 0 0 0 0 0 0 0 0 0 0 0 0 1 0 0 0 
0 0 0 0 0 0 0 0 0 0 0 0 0 0 0 0 802 16 0 0 0 0 0 0 1 0 0 0 0 0 0 0 0 0 0 0 0 0 0 0 0 
0 0 0 0 0 0 0 0 0 0 0 0 0 0 0 0 0 746 0 0 0 0 0 0 0 0 0 0 0 0 0 0 0 0 0 0 0 0 0 0 0 
0 0 0 0 0 0 0 0 0 0 0 0 0 0 0 0 0 0 26 0 0 0 1 0 0 0 0 0 0 1 1 0 0 0 3 0 0 1 0 0 2 
0 0 0 0 0 0 0 0 0 0 0 0 0 0 0 0 0 0 0 56 0 0 8 0 0 0 1 0 2 1 55 2 0 0 0 0 0 1 0 3 2 
0 0 0 0 0 0 0 0 0 0 0 0 0 0 0 0 0 0 0 0 323 1 7 1 0 0 3 2 0 0 8 1 0 0 3 0 0 1 0 0 58 
0 0 0 0 0 0 0 0 0 0 0 0 0 0 0 0 0 0 0 0 0 109 35 4 0 0 1 0 0 1 0 2 0 0 5 0 0 3 0 0 11 
0 0 0 0 0 0 0 0 0 0 0 0 0 0 0 0 0 0 0 0 0 0 934 129 0 0 1 0 4 1 20 4 0 0 0 4 0 0 0 34 11 
0 0 0 0 0 0 0 0 0 0 0 0 0 0 0 0 0 0 0 0 0 0 0 144 0 0 0 0 1 0 6 0 0 0 0 0 0 0 0 0 2 
0 0 0 0 0 0 0 0 0 0 0 0 0 0 0 0 0 0 0 0 0 0 0 0 55 0 0 0 0 0 0 0 0 1 0 0 0 0 0 0 0 
0 0 0 0 0 0 0 0 0 0 0 0 0 0 0 0 0 0 0 0 0 0 0 0 0 0 0 0 0 0 0 0 0 0 0 0 0 0 0 0 0 
0 0 0 0 0 0 0 0 0 0 0 0 0 0 0 0 0 0 0 0 0 0 0 0 0 0 85 0 1 0 4 0 0 0 0 0 0 0 0 0 3 
0 0 0 0 0 0 0 0 0 0 0 0 0 0 0 0 0 0 0 0 0 0 0 0 0 0 0 14 0 0 0 0 0 0 0 0 0 1 0 2 11 
0 0 0 0 0 0 0 0 0 0 0 0 0 0 0 0 0 0 0 0 0 0 0 0 0 0 0 0 166 1 17 2 0 0 2 0 0 33 0 2 54 
0 0 0 0 0 0 0 0 0 0 0 0 0 0 0 0 0 0 0 0 0 0 0 0 0 0 0 0 0 3 0 0 0 0 0 0 0 0 0 0 0 
0 0 0 0 0 0 0 0 0 0 0 0 0 0 0 0 0 0 0 0 0 0 0 0 0 0 0 0 0 0 375 3 0 0 0 0 0 3 0 7 73 
0 0 0 0 0 0 0 0 0 0 0 0 0 0 0 0 0 0 0 0 0 0 0 0 0 0 0 0 0 0 0 10 0 0 0 0 0 0 0 0 1 
0 0 0 0 0 0 0 0 0 0 0 0 0 0 0 0 0 0 0 0 0 0 0 0 0 0 0 0 0 0 0 0 0 1 0 0 0 0 0 0 0 
0 0 0 0 0 0 0 0 0 0 0 0 0 0 0 0 0 0 0 0 0 0 0 0 0 0 0 0 0 0 0 0 0 103 0 0 0 0 0 0 0 
0 0 0 0 0 0 0 0 0 0 0 0 0 0 0 0 0 0 0 0 0 0 0 0 0 0 0 0 0 0 0 0 0 0 29 0 0 6 0 0 23 
0 0 0 0 0 0 0 0 0 0 0 0 0 0 0 0 0 0 0 0 0 0 0 0 0 0 0 0 0 0 0 0 0 0 0 2 0 0 0 0 1 
0 0 0 0 0 0 0 0 0 0 0 0 0 0 0 0 0 0 0 0 0 0 0 0 0 0 0 0 0 0 0 0 0 0 0 0 0 0 0 0 0 
0 0 0 0 0 0 0 0 0 0 0 0 0 0 0 0 0 0 0 0 0 0 0 0 0 0 0 0 0 0 0 0 0 0 0 0 0 164 0 0 206 
0 0 0 0 0 0 0 0 0 0 0 0 0 0 0 0 0 0 0 0 0 0 0 0 0 0 0 0 0 0 0 0 0 0 0 0 0 0 0 0 0 
0 0 0 0 0 0 0 0 0 0 0 0 0 0 0 0 0 0 0 0 0 0 0 0 0 0 0 0 0 0 0 0 0 0 0 0 0 0 0 0 0 
0 0 0 0 0 0 0 0 0 0 0 0 0 0 0 0 0 0 0 0 0 0 0 0 0 0 0 0 0 0 0 0 0 0 0 0 0 0 0 0 0 

1935 299 6 1 0 
0 2573 275 7 0 
0 0 114 8 0 
0 0 0 2 0 
0 0 0 0 0 

62866
67828
10361
147
2
2283
